0		0		2
8.45726		2.45264		3.73057
2.96564		-1.73092		0.657742


det:

0 2.45264 0.657742

2.96564 0 3.73057

8.45726 -1.73092 2

2.96564 2.45264 2

0 -1.73092 3.73057

8.45726 0 0.657742
det = -43.825

-------------------------------
-4		0		2
0		2.45264		3.73057
-0		-1.73092		0.657742


det:

-4 2.45264 0.657742

-0 0 3.73057

0 -1.73092 2

-0 2.45264 2

-4 -1.73092 3.73057

0 0 0.657742
det = -32.2821

-------------------------------
0		-4		2
8.45726		0		3.73057
2.96564		-0		0.657742


det:

0 0 0.657742

2.96564 -4 3.73057

8.45726 -0 2

2.96564 0 2

0 -0 3.73057

8.45726 -4 0.657742
det = -22.0033

-------------------------------
0		0		-4
8.45726		2.45264		0
2.96564		-1.73092		-0


det:

0 2.45264 -0

2.96564 0 0

8.45726 -1.73092 -4

2.96564 2.45264 -4

0 -1.73092 0

8.45726 0 -0
det = 87.65

-------------------------------
